1 188 31 39 39 
1 187 30 41 41 
1 188 30 38 38 
1 187 29 37 37 
1 186 28 36 36 
1 182 26 43 43 
1 184 27 39 39 
1 185 28 38 38 
1 184 28 40 40 
1 184 28 38 38 
1 184 27 40 40 
1 185 28 39 39 
1 184 26 40 40 
1 185 26 41 41 
1 184 27 41 41 
1 185 27 41 41 
1 187 28 37 37 
1 185 26 40 40 
1 186 26 40 40 
1 185 26 42 42 
1 185 27 42 42 
1 185 27 44 44 
1 186 27 44 44 
1 188 27 40 40 
0  
0  
0  
1 186 32 40 40 
1 187 32 39 39 
1 181 32 44 44 
0  
0  
0  
0  
0  
0  
0  
0  
0  
0  
0  
0  
0  
0  
0  
1 201 41 42 42 
1 201 41 42 42 
1 199 41 43 43 
1 199 40 45 45 
1 202 42 42 42 
0  
0  
0  
0  
0  
0  
0  
1 193 38 37 37 
0  
0  
1 195 37 43 43 
1 197 39 39 39 
1 197 40 39 39 
0  
0  
0  
1 197 40 43 43 
1 199 40 40 40 
1 200 41 38 38 
1 200 42 37 37 
1 202 43 34 34 
1 200 40 38 38 
1 199 40 41 41 
1 203 42 35 35 
1 207 42 35 35 
1 209 41 39 39 
1 208 39 41 41 
1 210 39 39 39 
1 210 41 32 32 
1 209 41 34 34 
1 206 42 34 34 
1 204 42 36 36 
1 204 44 32 32 
1 199 40 41 41 
1 198 40 40 40 
1 198 40 41 41 
1 200 42 38 38 
1 200 42 38 38 
1 199 43 39 39 
1 202 45 37 37 
1 201 43 40 40 
1 201 43 40 40 
0  
0  
0  
1 203 43 39 39 
1 204 42 39 39 
1 212 45 29 29 
1 205 41 36 36 
0  
0  
0  
0  
0  
0  
0  
0  
0  
0  
1 216 41 38 38 
1 217 42 35 35 
1 216 40 36 36 
1 215 40 34 34 
1 212 40 39 39 
1 212 40 38 38 
1 211 41 38 38 
1 206 39 42 42 
1 207 40 41 41 
1 206 39 42 42 
0  
0  
1 197 42 46 46 
1 195 45 45 45 
0  
0  
1 195 51 40 40 
1 196 51 41 41 
1 199 52 42 42 
1 199 54 42 42 
1 199 53 44 44 
1 199 53 45 45 
1 199 55 43 43 
1 201 55 42 42 
1 202 56 41 41 
1 201 54 43 43 
1 203 54 42 42 
1 203 52 44 44 
1 205 52 42 42 
1 204 53 43 43 
1 205 54 43 43 
1 205 53 43 43 
1 205 54 42 42 
1 206 55 41 41 
1 204 55 43 43 
1 203 55 44 44 
1 204 57 43 43 
1 203 61 43 43 
0  
0  
0  
0  
0  
1 196 63 45 45 
0  
1 202 63 39 39 
1 202 62 43 43 
1 202 63 44 44 
1 201 63 45 45 
1 202 65 43 43 
1 204 66 42 42 
1 202 67 41 41 
1 200 66 43 43 
1 201 66 43 43 
0  
0  
0  
0  
0  
0  
0  
0  
0  
0  
0  
0  
0  
0  
0  
0  
0  
0  
0  
0  
0  
0  
0  
0  
0  
1 336 43 22 22 
0  
1 199 57 45 45 
0  
0  
0  
0  
1 190 62 42 42 
1 188 61 45 45 
0  
0  
0  
0  
0  
0  
0  
0  
0  
0  
0  
0  
0  
0  
0  
0  
0  
1 233 23 25 25 
0  
1 224 20 47 47 
0  
0  
0  
0  
0  
0  
0  
0  
0  
0  
0  
0  
0  
1 162 189 46 46 
0  
1 161 189 47 47 
1 162 190 45 45 
1 161 191 46 46 
1 162 191 44 44 
1 159 190 46 46 
0  
0  
0  
0  
0  
0  
0  
0  
0  
0  
0  
0  
0  
0  
0  
0  
0  
0  
1 217 92 26 26 
0  
0  
0  
0  
0  
0  
0  
0  
0  
1 218 127 39 39 
0  
0  
0  
1 152 121 26 26 
0  
0  
0  
0  
1 225 169 26 26 
0  
0  
0  
0  
0  
0  
0  
0  
0  
0  
0  
0  
0  
0  
0  
0  
0  
0  
0  
0  
0  
0  
0  
0  
0  
0  
0  
0  
